4 0.214844 0.242188 0.312500 0.179688
4 0.220703 0.380859 0.316406 0.152344
4 0.218750 0.523438 0.343750 0.164062
4 0.234375 0.662109 0.382812 0.199219
4 0.220703 0.833984 0.347656 0.207031
4 0.509766 0.123047 0.386719 0.199219
4 0.505859 0.300781 0.347656 0.164062
4 0.507812 0.455078 0.328125 0.152344
4 0.806641 0.177734 0.253906 0.144531
4 0.812500 0.322266 0.257812 0.152344
4 0.802734 0.455078 0.292969 0.121094
4 0.814453 0.582031 0.277344 0.140625
4 0.785156 0.691406 0.351562 0.179688
4 0.785156 0.833984 0.335938 0.175781
