0 0.304201 0.744919 0.232385 0.192073
0 0.620088 0.836382 0.146680 0.155488
0 0.839262 0.830793 0.097900 0.102642
0 0.135671 0.370681 0.152100 0.212907
0 0.320291 0.298780 0.225949 0.304878
0 0.143970 0.549797 0.102304 0.203252
0 0.029133 0.375000 0.057588 0.308943
0 0.570630 0.679624 0.061992 0.229167
0 0.809959 0.652185 0.090786 0.314533
0 0.511687 0.698933 0.068767 0.193598
0 0.495935 0.381098 0.125339 0.126016
0 0.866362 0.389228 0.104675 0.101626
0 0.025915 0.594004 0.051152 0.101626
0 0.352812 0.525152 0.095190 0.115346
0 0.245935 0.545986 0.096206 0.107215
0 0.717141 0.670986 0.086043 0.244411
0 0.719343 0.764228 0.040989 0.153455
0 0.897527 0.607724 0.074864 0.167683
0 0.627879 0.430640 0.136518 0.099085
